5 0.700708 0.190552 0.174528 0.170644
0 0.164151 0.550569 0.049528 0.137347
0 0.254953 0.487098 0.030660 0.093646
0 0.316274 0.463166 0.028302 0.095727
0 0.359316 0.445477 0.036557 0.106132
0 0.672406 0.243618 0.025943 0.110294
0 0.749646 0.265469 0.029481 0.099889
0 0.780896 0.274834 0.033019 0.110294
0 0.850472 0.248821 0.030660 0.087403
0 0.917689 0.250902 0.021226 0.079079
0 0.937146 0.317494 0.022406 0.099889
0 0.970755 0.277955 0.030660 0.099889
1 0.714858 0.236335 0.023585 0.108213
2 0.885849 0.537042 0.037736 0.147752