0 0.246698 0.442356 0.037736 0.099889
0 0.237854 0.488138 0.029481 0.112375
0 0.294458 0.515191 0.024764 0.108213
0 0.255542 0.596351 0.050708 0.145671
0 0.579835 0.219686 0.017689 0.087403
0 0.595755 0.263388 0.040094 0.087403
0 0.666509 0.265469 0.044811 0.099889
0 0.743750 0.282117 0.024764 0.095727
0 0.736675 0.248821 0.029481 0.099889
0 0.767335 0.212403 0.027123 0.081160
0 0.798585 0.234254 0.021226 0.079079
0 0.832783 0.261307 0.023585 0.099889
0 0.941274 0.287320 0.033019 0.110294
0 0.984906 0.236335 0.021226 0.108213
2 0.763208 0.508948 0.030660 0.133185
3 0.315094 0.534961 0.025943 0.043701
5 0.593396 0.166620 0.183962 0.156077