0 0.345165 0.421545 0.045991 0.099889
0 0.202476 0.842952 0.029481 0.143590
0 0.426533 0.610918 0.038915 0.141509
0 0.328066 0.572420 0.042453 0.106132
0 0.388208 0.574501 0.040094 0.114456
0 0.476061 0.469409 0.038915 0.129023
0 0.404127 0.420505 0.036557 0.114456
0 0.392335 0.460044 0.038915 0.106132
0 0.559198 0.451720 0.033019 0.126942
0 0.660613 0.454842 0.037736 0.129023
0 0.730778 0.443396 0.036557 0.097808
0 0.919458 0.633810 0.034198 0.112375
0 0.935967 0.667106 0.041274 0.162320
0 0.964269 0.366398 0.031840 0.118618
0 0.858137 0.289401 0.041274 0.097808
1 0.259080 0.343507 0.048349 0.106132
5 0.233726 0.274834 0.221698 0.189373
2 0.870519 0.116676 0.042453 0.081160
2 0.653538 0.651498 0.049528 0.172725
3 0.375056 0.505160 0.020777 0.029729
4 0.711910 0.093785 0.027123 0.089484