5 0.171816 0.223848 0.189858 0.183130
2 0.704835 0.531840 0.034198 0.133185
2 0.770873 0.058407 0.034198 0.085322
4 0.619929 0.050083 0.024764 0.068674
0 0.279717 0.816940 0.044811 0.133185
0 0.358137 0.496462 0.029481 0.116537
0 0.392335 0.516232 0.022406 0.118618
0 0.536792 0.515191 0.037736 0.124861
0 0.505542 0.430910 0.045991 0.101970
0 0.466038 0.337264 0.035377 0.101970
0 0.289741 0.436113 0.036557 0.099889
0 0.224882 0.378885 0.034198 0.093646
0 0.657665 0.454842 0.031840 0.112375
0 0.536203 0.386168 0.034198 0.104051
0 0.683019 0.409059 0.028302 0.095727
0 0.783255 0.569298 0.037736 0.137347
0 0.849292 0.538083 0.037736 0.137347
0 0.960731 0.310211 0.036557 0.110294
0 0.857547 0.240497 0.040094 0.091565
3 0.405314 0.552042 0.018729 0.039172
5 0.213679 0.295019 0.044811 0.104051