0 0.220165 0.863138 0.060142 0.149834
0 0.086910 0.503122 0.045991 0.108213
0 0.071580 0.375139 0.034198 0.106132
0 0.218396 0.510405 0.042453 0.093646
0 0.240212 0.443812 0.055425 0.131104
0 0.391745 0.359531 0.035377 0.112375
0 0.387028 0.280452 0.028302 0.083241
0 0.459552 0.385544 0.003538 0.002081
0 0.467217 0.419881 0.042453 0.087403
0 0.468396 0.478149 0.040094 0.095727
0 0.494340 0.486473 0.040094 0.104051
0 0.610495 0.516648 0.053066 0.122780
0 0.599882 0.380341 0.038915 0.116537
0 0.759670 0.484392 0.047170 0.137347
0 0.897052 0.429245 0.041274 0.114456
0 0.967807 0.334559 0.036557 0.108213
0 0.845165 0.278371 0.053066 0.137347
0 0.734906 0.201373 0.035377 0.087403
2 0.540920 0.537458 0.029481 0.147752
2 0.556840 0.038013 0.028302 0.072836
1 0.059788 0.264845 0.041274 0.118618
5 0.034316 0.196171 0.068632 0.239317
4 0.410613 0.036175 0.028302 0.072350
3 0.489750 0.528455 0.017235 0.038419