0 0.014976 0.343923 0.027123 0.114456
0 0.035613 0.402192 0.033019 0.106132
0 0.132901 0.627983 0.043632 0.120699
0 0.230189 0.434448 0.037736 0.120699
0 0.405896 0.441731 0.035377 0.093646
0 0.431840 0.504162 0.033019 0.085322
0 0.399410 0.568674 0.031840 0.122780
0 0.460141 0.754925 0.047170 0.133185
0 0.361085 0.823599 0.033019 0.099889
0 0.546816 0.408435 0.034198 0.085322
0 0.618750 0.374098 0.036557 0.091565
3 0.616981 0.412597 0.011792 0.064512
1 0.777358 0.564512 0.044811 0.126942
5 0.855778 0.619659 0.116745 0.370422
4 0.743160 0.096282 0.023585 0.106132