0 0.133491 0.337680 0.028302 0.097808
0 0.161203 0.332478 0.036557 0.099889
0 0.226061 0.568674 0.034198 0.122780
0 0.366981 0.593646 0.040094 0.122780
0 0.499057 0.618618 0.040094 0.122780
0 0.394693 0.380341 0.031840 0.116537
0 0.273821 0.355369 0.042453 0.108213
0 0.556840 0.495838 0.037736 0.110294
0 0.600472 0.571795 0.035377 0.095727
0 0.692453 0.430286 0.028302 0.116537
0 0.654127 0.382422 0.038915 0.095727
1 0.756722 0.497919 0.050708 0.106132
3 0.746698 0.429245 0.030660 0.047863
5 0.842807 0.546823 0.112028 0.320477
4 0.733137 0.038256 0.024764 0.076512
2 0.040920 0.296060 0.048349 0.110294