0 0.183019 0.325194 0.042453 0.114456
0 0.223113 0.530175 0.023585 0.116537
0 0.368750 0.491676 0.041274 0.139428
0 0.259080 0.312708 0.029481 0.114456
0 0.297406 0.329356 0.037736 0.110294
0 0.398231 0.311668 0.048349 0.112375
0 0.518514 0.459420 0.048349 0.124861
0 0.677123 0.530175 0.028302 0.133185
0 0.647052 0.559309 0.036557 0.120699
0 0.717217 0.410516 0.030660 0.126942
0 0.739033 0.364734 0.024764 0.085322
2 0.071580 0.239872 0.053066 0.101970
1 0.744340 0.449015 0.058962 0.112375
3 0.888208 0.596767 0.028302 0.066593
5 0.848113 0.519770 0.120283 0.370422