2 0.038561 0.252358 0.036557 0.118618
0 0.065684 0.484392 0.048349 0.120699
0 0.198939 0.372017 0.041274 0.116537
0 0.241981 0.336640 0.040094 0.124861
0 0.211910 0.564512 0.036557 0.135266
0 0.366981 0.497919 0.037736 0.110294
0 0.406486 0.361612 0.043632 0.116537
0 0.385259 0.338721 0.031840 0.116537
0 0.559198 0.478149 0.030660 0.129023
0 0.714858 0.630064 0.037736 0.137347
0 0.766156 0.612375 0.036557 0.131104
0 0.754953 0.307506 0.047170 0.120699
3 0.893514 0.696656 0.024764 0.066593
1 0.758491 0.484392 0.044811 0.120699
5 0.889976 0.569714 0.135613 0.420366
0 0.760259 0.440691 0.048349 0.104051
0 0.008373 0.156632 0.016745 0.101970